6.721275506472617067e-01 8.672566371681416797e+01 1.017699115044247549e+01
1.401118993637095578e+00 1.046460176991150774e+02 5.088495575221244849e+00
2.056425071308417785e+00 1.117256637168141822e+02 1.769911504424783288e+00
2.752322094639071182e+00 1.196902654867256928e+02 1.769911504424783288e+00
3.535069114312879179e+00 1.225663716814159585e+02 1.991150442477888305e+00
4.237548453155856265e+00 1.225663716814159585e+02 1.769911504424783288e+00
4.984641263804579836e+00 1.185840707964601961e+02 1.991150442477874094e+00
5.688034813135377732e+00 1.174778761061947137e+02 1.991150442477874094e+00
6.349191837928767512e+00 1.174778761061947137e+02 1.769911504424783288e+00
7.092993490821328351e+00 1.174778761061947137e+02 1.769911504424783288e+00
7.796569882249688277e+00 1.161504424778761262e+02 1.327433628318573255e+00
8.540554377239818251e+00 1.159292035398230354e+02 8.849557522123916442e-01
9.159474877495796363e+00 1.170353982300885320e+02 1.106194690265496661e+00
9.902910846193229588e+00 1.174778761061947137e+02 4.424778761061816112e-01
1.060520734293863754e+01 1.176991150442478187e+02 1.106194690265496661e+00
1.138941709939296842e+01 1.188053097345133011e+02 6.637168141592866277e-01
1.209262780662619718e+01 1.179203539823009095e+02 8.849557522123774334e-01
1.275415051561471813e+01 1.174778761061947137e+02 1.991150442477874094e+00
1.341658743509105634e+01 1.159292035398230354e+02 1.327433628318587466e+00
1.415910919330066520e+01 1.174778761061947137e+02 8.849557522123916442e-01
1.490345937248592278e+01 1.168141592920354128e+02 1.106194690265482450e+00
1.564726102537848718e+01 1.168141592920354128e+02 2.212389380530964900e+00
1.634992320631902274e+01 1.165929203539823220e+02 1.548672566371678272e+00
1.696975791706282877e+01 1.165929203539823220e+02 1.991150442477874094e+00
1.775597893659035975e+01 1.152654867256637488e+02 1.548672566371692483e+00
1.845754406494551247e+01 1.163716814159292312e+02 1.769911504424783288e+00
1.916075477217874834e+01 1.154867256637168396e+02 1.769911504424783288e+00
1.986177137424120431e+01 1.172566371681416229e+02 1.327433628318587466e+00
2.052274555693702851e+01 1.174778761061947137e+02 3.097345132743356544e+00
2.122229942221897403e+01 1.210176991150442802e+02 3.761061946902657382e+00
2.196811233818474207e+01 1.185840707964601961e+02 3.761061946902643172e+00
